395.55391862149725
405.549218823096
403.86464001318654
409.1199684371491
406.50838155232503
385.1544139199628
391.9501697289016
404.58629146735825
407.993408842715
390.27867793465805
387.32432921632324
397.9260302332347
397.17117291296313
405.2345230193909
388.5399646873246
396.11897826051995
392.810921400607
384.86539162276034
380.7507846855118
373.91710475533307
371.0037830832476
371.3571496837867
381.056201226697
383.8377878337563
375.4892528785203
383.2618864139397
368.11865782594964
373.9884495535297
364.3167628670881
378.53023780320217
390.8567354122322
368.57486784244014
361.59566785618216
367.5789292386906
360.14339277986994
364.91655973331655
349.9069402089376
357.9388217583388
356.03013236222864
381.4982918379549
372.710302478539
369.1958485677571
367.27130940146077
370.6764615909782
373.4412325556407
371.5389910486644
378.1323826955464
374.00397404653586
384.8237527630286
384.8162585047191
391.656966249386
396.69947403776433
410.66905632704317
412.72330844901995
412.32662808538197
397.7874540226188
406.01082889762466
414.20673247011837
404.73264847258605
398.8568568429547
405.43860566830205
396.25745862401175
403.61357811111174
392.7300551180354
386.56441712522223
390.9194434617094
390.6689110487521
388.99955475401737
395.2748358263941
378.36749578236106
372.3390893079563
396.15203482804895
0.0
141.7089778420454
164.55723441575103
193.96620223907652
220.95227678949962
244.13598836110737
251.36813199163197
271.8794383203198
274.1256592801945
287.1991449687295
302.5788800359486
305.02301664980587
307.32330166936634
307.2245624108229
310.92410433649303
307.0036346983767
313.91978893165816
315.49185582692036
316.53197392446555
314.8007111235293
310.8109244615018
314.90876052765077
317.5988821612147
324.38786032670987
327.74004770610145
318.4718181130415
323.88742092840687
330.7353295423313
329.30926358342884
328.0366950577605
325.02113707765136
324.0472137085692
325.51531671763894
320.39232324840066
313.1043894876263
315.909782226928
307.5191214098902
307.28294861388065
310.5504601301547
317.1523415571201
319.14427395209583
322.65907123131666
324.11334182830626
323.6481243750292
321.0300540581435
330.01599998245695
321.02429783986713
327.6291456850703
321.8821761079891
325.79353588355514
327.80669640638155
324.40953310663826
325.97482016557706
333.29131248611174
336.13272058178563
336.09041234547504
334.28404025688855
334.38282634255415
329.33447676789973
319.0131495127421
314.55223704812056
309.99414903103946
303.75551184922637
294.8164240443064
285.68323937147676
274.4517100899519
256.2471224162393
246.63792248114854
224.50373771804536
209.6553825104308
182.0934717555246
139.133076844815
382.98560785533425
377.81221766671734
384.57916789711595
376.82237453803333
377.24373804880474
375.2911572484913
372.4353274956435
380.0031508028864
376.6129572519999
374.3847610565003
378.93534576964237
373.4999916853305
367.5874977340241
374.6354446867983
378.97287188318677
372.52642310593654
369.54318282989686
373.0477796086294
366.6351904041039
377.17063392136623
383.4452927640812
392.73084619944683
388.04821064657796
372.9151430415536
378.0177525503193
388.007178209499
378.2425264826792
378.23250054456514
375.46924837763436
365.74745077715664
387.9305616367363
376.4814232923313
368.99878806839445
370.3623717073909
377.43766254722
371.37982378748364
374.93357812573095
379.5032000513134
384.4628204528443
387.65013753011556
389.7422052257789
394.6406509490784
397.91737329174657
383.232796217867
373.83589428199264
378.62118091697465
372.78336667728996
369.1757748541004
371.85526115737275
373.55365081604367
372.8304957772443
374.8774647055986
368.8094170393344
377.6262673018221
369.99522683149326
393.33541385856216
379.36042091232576
384.3506594903455
365.4727721528379
371.46160742479884
371.6514796639631
362.87518840492845
384.7942347269572
383.2112095998433
386.8270283773274
385.3476063619831
373.14806069014315
381.30496151861314
386.17599204057706
382.729215747582
382.8441631751146
379.9727295287355
370.32049240751894
364.55453080045964
367.9132582613094
367.7394453037285
370.3513574657326
362.6167903146344
375.78770748298325
379.67023189339096
368.3634697462984
365.5664141991895
369.35445655320217
372.4189914543472
372.7282907634438
382.26839305397993
390.1703061771964
397.942919702587
391.5117894703757
398.4489551475662
382.3097849406168
379.77430277384684
374.8619342735428
365.5257245823295
370.26510208952214
369.19838134400146
363.9423697465908
352.46881322803614
357.9934341522034
348.7047097668676
352.79652249456166
353.4813765108942
340.8943311497123
347.22406078955373
345.5766573237802
344.8771044337107
346.21319132365153
355.9192426304617
348.78451209153957
351.99816172708296
338.803565065304
338.6437436406484
349.37379199730424
342.0968028085674
340.89312058865664
344.2576141814272
351.9689221410694
349.5303840865632
361.8763701844358
354.5182700699675
354.6055435363404
374.63046164141446
378.8655522512105
381.97363993935954
390.76765898744503
396.6300277253111
390.17936012131014
393.1352738249088
383.9054505125491
385.1100355136894
383.40489434339327
382.9176696960084
375.25760024750304
368.1777570347586
382.00502224311145
369.89852964663936
371.24894111313506
366.0938428319143
378.75821379701534
359.1615499622094
372.53946891373505
349.25784859114776
367.0055601382684
371.2896473593341
344.4780506430986
344.5476710153911
343.5543392432664
341.9886426640128
345.3800423901952
344.00044816982245
347.6361473220551
348.3753988300255
344.4743683409548
345.2875130476352
350.06585519756385
341.00730845742595
344.388428373965
344.945995673448
342.0906693692693
335.9514184826148
347.2089624462013
349.2468833694915
347.72257904235477
346.0449885294109
347.72457223309726
344.074657554398
343.4473124521221
349.7553496674863
362.30452911011474
350.19434703895433
356.6162135415448
355.86046362779814
350.65559917153
347.18080171139655
347.87521572455677
345.4710909906262
345.92071578888124
336.15807374508796
336.64549776180064
343.3594694765742
335.3702926178892
344.474511974586
350.2253969843516
349.1995231034513
347.65607374728086
351.4115933172717
356.79578669199685
349.71337031747055
351.4617200840019
361.5529098053892
353.6046186892572
372.3443066716908
363.3382732825365
359.4855756017262
359.0086416370141
356.58900602420647
345.414453837686
348.00438283589074
356.0180895228586
350.3013279166764
351.261377346016
345.75999267943604
347.82794536659105
346.4854835464569
344.0391355959955
344.33516674841235
341.86812440792244
341.8406204863223
339.5520272626134
340.72147054158285
338.1924359898367
339.04256265605994
336.87276536404727
344.36914779754454
346.092106071061
342.2763932279484
